0.0240244044589
0.0369329856517
0.0491052795939
0.0588677747445
0.0651365540825
0.0677853085536
0.067765920384
0.0669149057708
0.0674775300381
0.071480560046
0.0801496854992
0.0935716181514
0.110733760426
0.129950717611
0.149546136627
0.168552196001
0.187161459208
0.206734269203
0.229311427242
0.256757143773
0.289798433796
0.327283607195
0.365934552765
0.400729817946
0.425869158514
0.436090680652
0.427993452174
0.400997672279
0.357656816111
0.303197509964
0.244360354057
0.187799879231
0.138431204436
0.0981558671194
0.0653487762702
0.0353472159537
0.00196917242956
-0.0401662330276
-0.0929904605668
-0.152660963577
-0.20825464651
-0.242035320022
-0.231527810765
-0.153180887841
0.0130605556197
0.279283324465
0.646319515942
1.10250425653
1.62485217646
2.1824253588
2.74112821677
3.26885058652
3.73986621512
4.13765589374
4.45576016305
4.69674065375
4.8697212051
4.9872143387
5.06199095209
5.10463701805
5.12220361741
5.1180575027
5.09274968888
5.04550453993
4.97583465319
4.88481943224
4.77572759879
4.65387057511
4.52578678311
4.39802302091
4.27586275887
4.16234057184
4.05778816813
3.96001062296
3.86503161231
3.76821203281
3.66546494712
3.55427505303
3.43428254233
3.30729536728
3.17672644952
3.04658570787
2.92026533934
2.79941856805
2.68323055733
2.56830903535
2.44928974654
2.32008193093
2.17550864902
2.01297048559
1.83371964465
1.64339586964
1.45163695592
1.27079656596
1.11402353304
0.993118922385
0.91664256832
0.888672690373
0.908451203779
0.970924522921
1.06797891102
1.19002777846
1.32756898947
1.47239304756
1.61825735779
1.76100093469
1.89821248278
2.02865058886
2.15163467483
2.2665855226
2.37281499953
2.46957217683
2.55627184
2.6327805045
2.69962564372
2.75802695787
2.80971456238
2.8565790161
2.90026603536
2.94185713927
2.98175020653
3.01977884381
3.05551811221
3.08865544404
3.11928597769
3.14802510671
3.17590116267
3.20406934203
3.23344616071
3.26438509787
3.29649647461
3.32866614381
3.35926249962
3.38645938806
3.4085662993
3.42426308694
3.43268417021
3.43336695479
3.42613885007
3.41103666927
3.3883198051
3.35857037043
3.32280609057
3.28250185428
3.23944044129
3.19538215108
3.15162627963
3.10859729031
3.0655978357
3.0208253202
2.97166817524
2.91521398423
2.84884204549
2.77075334646
2.68031240487
2.57812750532
2.46586186688
2.34583164564
2.2204943496
2.09195431905
1.96160674441
1.83001098621
1.69703444435
1.56224630476
1.42547289789
1.28736597702
1.14980284054
1.01595372489
0.889925343051
0.776007236999
0.677678227147
0.596633904673
0.532139829304
0.480983553808
0.438194506651
0.398538278321
0.358593208645
0.319015885308
0.286445712447
0.274442925959
0.302948288496
0.396016309095
0.577976555801
0.868629382633
1.27845068114
1.80493187062
2.43103286348
3.12628327698
3.85043838652
4.55896359808
5.20917856047
5.76577151708
6.20461883427
6.51432672091
6.69549448399
6.75821070549
6.71860571246
6.59534098011
6.40674468793
6.16898840314
5.89535343968
5.5963565095
5.28035466016
4.95424195505
4.62395521988
4.29466921706
3.97072319167
3.65543148267
3.35096380698
3.05843729242
2.77826793229
2.51072119269
2.256516125
2.01730032045
1.79583407681
1.59579273704
1.42119382904
1.27555276473
1.16094270459
1.07716399895
1.02121143498
0.987171515515
0.966603748161
0.949376078056
0.9248471732
0.883225821074
0.816897724931
0.721499561595
0.596545668142
0.445477940161
0.275109974504
0.0945542509592
-0.0861721476
-0.257599992825
-0.412043895867
-0.544396205905
-0.652353830812
-0.736084597878
-0.797472323876
-0.839179149926
-0.863799933022
-0.87334094016
-0.869142010177
-0.85221182553
-0.82380918627
-0.786024620185
-0.742121340679
-0.696479206143
-0.654119711705
-0.619927818325
-0.597783315887
-0.589844488252
-0.596187356968
-0.614909692095
-0.642685779379
-0.675636613956
-0.710291819428
-0.744388580056
-0.777291127034
-0.80991661994
-0.844194272486
-0.882222361649
-0.925377685862
-0.973644873083
-1.02536586638
-1.07748565991
-1.12622795385
-1.16801590532
-1.20039002362
-1.22268012106
-1.23625566685
-1.24429060098
-1.25110659804
-1.26126820219
-1.27866202791
-1.30578380011
-1.34338734555
-1.39054337756
-1.44504656038
-1.50402848838
-1.5646015197
-1.62437601732
-1.68174899194
-1.73593639533
-1.78679451814
-1.83452944372
-1.87941323574
-1.92160717736
-1.96114303703
-1.99804854331
-2.03254343136
-2.06519915232
-2.09696390601
-2.12900490407
-2.16239332944
-2.19772510093
-2.23480495228
-2.27250867475
-2.3088843094
-2.34147972546
-2.36781845164
-2.38590747732
-2.39465710473
-2.39412020002
-2.38550543716
-2.37097165834
-2.35325496778
-2.33520904379
-2.31935036203
-2.30749410587
-2.30054530147
-2.29847680334
-2.30048672021
-2.30529002889
-2.31147171338
-2.31782040618
-2.32357426203
-2.3285373112
-2.33305361965
-2.33785178997
-2.3437941116
-2.35158513033
-2.36151191805
-2.37329633295
-2.38612894324
-2.39891817616
-2.41072813619
-2.42130725886
-2.43154813316
-2.4436876501
-2.46107275654
-2.48738930841
-2.5253762362
-2.57520432104
-2.63285266008
-2.68892171162
-2.72833515624
-2.73127160242
-2.67542793934
-2.53938765241
-2.30653040795
-1.96867751731
-1.52861556688
-1.0008245629
-0.410129303998
0.21151164307
0.829414776407
1.41084544986
1.92901066354
2.36565409199
2.71192121789
2.96757972924
3.13901748061
3.2366275643
3.27221001895
3.25689796039
3.19990465687
3.10814978394
2.9866151552
2.83914289391
2.66934035913
2.48129330321
2.27989198725
2.07071308059
1.85953715123
1.6516836966
1.45138773215
1.26141391539
1.08301726797
0.916245290632
0.760474290172
0.61501373656
0.479607409609
0.354700452225
0.241407092683
0.14118378055
0.0552739042911
-0.0159604800117
-0.0736689596491
-0.120939210374
-0.162869783
-0.206192722563
-0.25843608067
-0.326722515099
-0.416404600604
-0.529813901773
-0.665422604158
-0.817664408359
-0.977533457745
-1.13389925146
-1.27528951324
-1.39176063559
-1.47644287615
-1.52642868361
-1.54284332914
-1.53014506879
-1.49488466022
-1.44425943779
-1.38480269015
-1.32146702287
-1.25722754036
-1.19319067029
-1.12908375563
-1.06394119486
-0.996799454092
-0.927253959818
-0.855794169828
-0.783896344432
-0.713899895193
-0.648716423549
-0.59142652125
-0.544821150363
-0.510951721472
-0.490764344202
-0.483897839591
-0.488709443051
-0.502551480629
-0.522263362426
-0.544783655248
-0.567747925891
-0.589933562844
-0.611444178635
-0.633584673302
-0.658450144771
-0.688321651674
-0.72501202115
-0.769320738707
-0.820731908852
-0.877427927323
-0.936609559703
-0.995034408331
-1.04963438878
-1.09806256408
-1.13904853494
-1.17249640158
-1.19932416674
-1.22110413186
-1.23960838519
-1.25638271807
-1.27246110997
-1.28829136196
-1.30387798664
-1.31907817581
-1.33393431731
-1.34891258107
-1.36494862626
-1.3832692109
-1.40504028482
-1.43095952186
-1.46093858247
-1.49399599485
-1.5284138472
-1.56212501501
-1.59322189856
-1.62043661662
-1.64344839627
-1.66292411922
-1.68027713703
-1.69721402113
-1.71520342835
-1.73502458594
-1.75652588938
-1.77865636694
-1.79975043424
-1.81797859639
-1.83184110933
-1.84058010167
-1.84441107452
-1.844517942
-1.84280873121
-1.84148393775
-1.84251691518
-1.84717368858
-1.85569717712
-1.86724436359
-1.88010230403
-1.8921370501
-1.90136861978
-1.90653186502
-1.9074853487
-1.90536451443
-1.90243002564
-1.90162568904
-1.90592502162
-1.91760321953
-1.93760943268
-1.96521772436
-1.99809287784
-2.03281833046
-2.06581095742
-2.09441913099
-2.11790399785
-2.13797475177
-2.15860863427
-2.18503654608
-2.22199167589
-2.27155156136
-2.33108599377
-2.39188999823
-2.43899603455
-2.45242779622
-2.40982740168
-2.29003833688
-2.07695099886
-1.76279663087
-1.35015295616
-0.852192853505
-0.291102856458
0.304983662631
0.905868754942
1.4831732698
2.01347300906
2.48018248857
2.87402122418
3.19223512724
3.43699255423
3.61347843071
3.72816539035
3.78758429148
3.79770890573
3.76387696378
3.69104378056
3.58412864639
3.44825940798
3.28881498411
3.11126782528
2.92090296197
2.72251869286
2.5201991262
2.31720937821
2.1160216747
1.91844893028
1.72584606812
1.53933583643
1.36001918019
1.18913530314
1.02814264503
0.878701101233
0.742548046005
0.621273236873
0.516008764467
0.427062382169
0.35353995065
0.293025746304
0.241411576843
0.192974783093
0.1407878734
0.077491092479
-0.00362273495605
-0.107359002825
-0.235444457333
-0.385710109173
-0.551903569625
-0.724295037955
-0.891057490745
-1.04018541657
-1.16153849852
-1.2485259608
-1.29902129678
-1.31530197251
-1.30307980284
-1.26993322936
-1.22359097503
-1.1705076316
-1.11503013783
-1.05924037968
-1.00335528088
-0.946441258211
-0.887182501501
-0.824510672269
-0.758005821937
-0.688064799629
-0.615879230346
-0.543274546231
-0.47245567958
-0.405702967994
-0.345067730888
-0.292121626128
-0.247806790267
-0.212412689183
-0.185676187825
-0.166971716748
-0.155536222077
-0.150665313322
-0.15182646021
-0.158661404992
-0.170886819743
-0.188137950942
-0.209820133977
-0.235027658619
-0.262560708775
-0.291033243773
-0.31903487164
-0.345298213342
-0.368830230534
-0.388984411904
-0.405470709288
-0.418314175125
-0.427779999249
-0.434285519378
-0.438321529026
-0.440404387172
-0.441073233139
-0.440930718133
-0.440702990858
-0.441273023274
-0.443633767644
-0.448726113143
-0.457172197245
-0.468972025124
-0.483274117758
-0.498334490096
-0.511733051797
-0.520834247568
-0.523388810957
-0.51811059021
-0.505051835021
-0.4856486062
-0.462401307476
-0.438264460928
-0.415909341304
-0.397063744392
-0.382112463977
-0.370067272138
-0.35890922998
-0.346200221836
-0.329785945559
-0.308391146383
-0.281944989959
-0.251557770193
-0.219174143307
-0.187021063198
-0.157021627772
-0.130343739431
-0.107199637956
-0.0869304116638
-0.0683258606919
-0.0500684769301
-0.0311663768355
-0.0112576258646
0.0092820554896
0.0294340840865
0.0477861152906
0.0628554627655
0.0734017216303
0.0786598695252
0.0784520339131
0.0731638973793
0.0635975396023
0.0507380271792
0.0354947870541
0.0184927034369
-1.83253728984e-05
-0.0200984753839
-0.0419141269815
-0.0654704541856
-0.0903968504566
-0.1159029831
-0.140977687389
-0.164820815895
-0.18740270343
-0.209965369473
-0.235241464634
-0.267191637568
-0.310154440629
-0.367452458239
-0.439673233717
-0.522998964842
-0.608044949127
-0.679643502376
-0.717863233781
-0.700301765689
-0.605382415349
-0.416093815201
-0.123417386519
0.271338569219
0.755903189511
1.30835322813
1.90015901797
2.50032533745
3.07971616374
3.6146327854
4.08895205841
4.49454442243
4.8301448903
5.09920775246
5.30744381521
5.46069333811
5.56357292728
5.61903939049
5.62873580004
5.59380092594
5.51576941451
5.3972580777
5.24227707331
5.0561599604
4.84521881418
4.61627258575
4.37617382271
4.13140075688
3.88772759652
3.64996378129
3.42176627485
3.20555721197
3.00259308644
2.81321120761
2.63722525245
2.47437651373
2.32470324122
2.18869252147
2.06713255754
1.96067232234
1.86919270023
1.79116863693
1.72323133667
1.66011132394
1.59506166115
1.52074477759
1.43044400537
1.31936268097
1.18572676361
1.03142716646
0.862023874366
0.68606712769
0.5138418382
0.355774902696
0.220827234526
0.115199347061
0.0416062501596
-0.000758753385312
-0.0156157608181
-0.00853674059085
0.0142890431931
0.0471732397882
0.0857054505042
0.127075202961
0.169947111146
0.214000163394
0.259304749706
0.305725567752
0.352508822325
0.398149826925
0.440557019785
0.477447542645
0.506847356779
0.527542809724
0.539348208322
0.543109272587
0.540438811787
0.533257567454
0.52326968
0.511523522559
0.498187883281
0.48261363518
0.463665522393
0.440221171247
0.411674311594
0.378270898152
0.341157948354
0.302121099949
0.263096012203
0.22562167534
0.190428430646
0.157308488315
0.125316979355
0.0932330098117
0.0601155326376
0.0257525487597
-0.00916155806278
-0.0431891725712
-0.0746004079824
-0.101957702491
-0.124633768716
-0.143086621173
-0.158800037481
-0.173912394433
-0.190659565349
-0.210812093258
-0.235277250311
-0.263971503697
-0.29597459161
-0.329885915982
-0.364246941936
-0.397887122381
-0.430094932397
-0.460591685797
-0.489364235927
-0.516462252983
-0.541866198989
-0.565484507411
-0.58726647695
-0.607355751089
-0.626186704667
-0.64445246653
-0.662935667879
-0.682260943167
-0.702668540404
-0.723902852917
-0.745263915402
-0.765807171633
-0.784623424574
-0.801105225141
-0.815114641891
-0.827004866073
-0.837499196849
-0.847476952242
-0.857742028626
-0.868849220234
-0.881037470398
-0.894277795148
-0.908402546776
-0.923257125253
-0.9388127174
-0.95519755791
-0.97263690062
-0.991327461292
-1.0112985822
-1.03232045824
-1.05390645944
-1.07542559625
-1.0963009477
-1.11623214548
-1.13535823124
-1.1542827009
-1.17391956317
-1.19518152995
-1.21860135701
-1.24402853892
-1.27054976124
-1.2967291293
-1.32116105162
-1.3432032513
-1.36365039792
-1.38506123669
-1.41149155521
-1.44751461807
-1.49660409233
-1.55916517307
-1.63067224329
-1.70045332398
-1.75161327556
-1.76239520644
-1.7089659353
-1.56924077093
-1.32703174253
-0.975617353157
-0.519870848746
0.0236334718162
0.628650800652
1.26302673842
1.89335880667
2.48953161145
3.02818392055
3.49449689512
3.88215592159
4.19178984507
4.42850837051
4.59927364781
4.71075261723
4.76805515524
4.77445669618
4.73192600619
4.64210037598
4.50730369912
4.33127737808
4.119445958
3.87870946878
3.61688900003
3.34201902948
3.06167456926
2.7824622403
2.50972560205
2.24745050083
1.99832511607
1.76390969969
1.54488582897
1.34136551864
1.15323566401
0.980493110646
0.823500602245
0.683080150554
0.560372526015
0.456435829578
0.371627698076
0.304898901725
0.253195962772
0.211198142528
0.171577070013
0.125859751967
0.0658154423036
-0.0148853786849
-0.119120796874
-0.245291310892
-0.387145799029
-0.534590822146
-0.675358692408
-0.797170902404
-0.889889427878
-0.947150496303
-0.967126017347
-0.952307045229
-0.908468636835
-0.843172051816
-0.764231857436
-0.678511948814
-0.591254042719
-0.505953249343
-0.424644799488
-0.348392792224
-0.277778915776
-0.213252566301
-0.155288546244
-0.104373163354
-0.0608860134946
-0.0249595272801
0.00361304529837
0.0253794764357
0.0411349355515
0.0517609127635
0.0580461131261
0.0605435747444
0.0595060724606
0.0549164749634
0.0465995999419
0.0343779431541
0.0182230330132
-0.00164137763459
-0.0247114035887
-0.0502537807842
-0.0774149746253
-0.105352530706
-0.133349484613
-0.160882150342
-0.187630053505
-0.213438829356
-0.238265414179
-0.262141792547
-0.285183827828
-0.307646765476
-0.329997468559
-0.352949217338
-0.377402948373
-0.40426740549
-0.43418340336
-0.467232623922
-0.502741944556
-0.539281299554
-0.574895711278
-0.607530335166
-0.63553474167
-0.658099893393
-0.675499368597
-0.689063395824
-0.700887279151
-0.713344460252
-0.728524835345
-0.747740998364
-0.771232428331
-0.798150298722
-0.826832035544
-0.855292339312
-0.881790679085
-0.905309107102
-0.925801792016
-0.94415141346
-0.961861057155
-0.980589594951
-1.00167660464
-1.02579009818
-1.05277748
-1.0817314193
-1.11122269509
-1.13961784461
-1.16539553649
-1.18739668553
-1.20497640159
-1.21805579653
-1.22708888692
-1.23296392364
-1.23685525556
-1.24003859308
-1.24368548428
-1.24866436778
-1.25539072337
-1.26377565489
-1.27330908207
-1.28327794936
-1.29307114456
-1.30247999536
-1.3118866324
-1.32225414864
-1.3348888881
-1.35101883337
-1.37129975927
-1.39540188751
-1.42183016521
-1.44808630825
-1.47119746926
-1.4885327671
-1.4987290521
-1.50247650883
-1.50289599606
-1.50528898331
-1.51615878771
-1.54157108146
-1.58510794189
-1.64582828684
-1.71673271412
-1.78420776566
-1.82878065089
-1.82726554423
-1.75606973868
-1.59511950097
-1.33164332714
-0.962990776926
-0.497811409372
0.0447423107553
0.63766787036
1.25005194834
1.85142078221
2.41556150411
2.92306892446
3.36225719765
3.72852279851
4.02261594126
4.24847047122
4.41122263164
4.51585454632
4.56661801548
4.56713104624
4.52087169231
4.43175253315
4.30452683714
4.1449035311
3.95937500714
3.75484839949
3.53820201398
3.31587074465
3.09351776131
2.87580068128
2.66621217923
2.46697824874
2.27902558363
2.10206280108
1.9348336646
1.77557468164
1.62264156264
1.47517997035
1.33364568667
1.19996866534
1.07722521614
0.968821203207
0.877353976771
0.803452479977
0.744941224818
0.69661214519
0.650735760828
0.59824781222
0.530369279592
0.440307081016
0.324666008471
0.184275744418
0.0242719133202
-0.146571777028
-0.317118383412
-0.475502210376
-0.610823884111
-0.71461304066
-0.781825798796
-0.811246948439
-0.8052900782
-0.769301669785
-0.710549089021
-0.637095530093
-0.556745093877
-0.476196053431
-0.400486081722
-0.332759511924
-0.274338138256
-0.225036080217
-0.183629168187
-0.148375564184
-0.117491284896
-0.0895102422492
-0.063494586548
-0.0390963159415
-0.0164969479502
0.00373489382525
0.0208265694202
0.0339891629348
0.0425812965571
0.0462275487123
0.044876636628
0.0387911771997
0.0284689606449
0.0145081076742
-0.00255392824818
-0.022380582392
-0.0449033152457
-0.070277865721
-0.0987251648311
-0.130294031873
-0.164617106025
-0.200744505742
-0.237124973572
-0.271765735411
-0.302551849091
-0.327657940102
-0.345953525887
-0.35729793406
-0.36264518526
-0.363925751611
-0.36372548725
-0.364826230391
-0.369697019786
-0.380026857402
-0.396374611407
-0.417988987045
-0.442829790466
-0.467801761831
-0.489188377664
-0.50324009323
-0.506831408226
-0.498064787949
-0.47668416118
-0.444182530689
-0.403550958307
-0.35870473903
-0.313708438357
-0.271976540459
-0.235634354983
-0.205183309456
-0.179538143006
-0.156412555776
-0.132948646931
-0.106433023189
-0.074929309705
-0.0376848748041
0.00476834429674
0.0508195325145
0.0982166335535
0.144609850489
0.188058610316
0.227380335073
0.262269374674
0.293178256892
0.32101303024
0.346735348859
0.370977896227
0.393765852663
0.414402442514
0.431534470152
0.443377307947
0.448054020927
0.443988041052
0.430278073325
0.406976602359
0.37519571432
0.336987141767
0.294994110984
0.251941760182
0.210094977501
0.17083858686
0.134509741087
0.100541221039
0.0678771796319
0.0355273367703
0.00306166040416
-0.029158766715
-0.0601542038856
-0.0889123349647
-0.115234603931
-0.14054133938
-0.168260125111
-0.203467940258
-0.251635313965
-0.316594840089
-0.3981500039
-0.489956891866
-0.578367431111
-0.642779246254
-0.657715555319
-0.596434691427
-0.435451032221
-0.159050815821
0.237200913002
0.744798949632
1.34292228525
2.00125275509
2.68437329552
3.3567661356
3.98733150855
4.55253811876
5.03773158357
5.43663381022
5.74951168295
5.98075262389
6.13659867731
6.22358405443
6.24788870285
6.2154877049
6.13274827886
6.00705352504
5.84710535944
5.6627260961
5.46417098119
5.26112364143
5.061636678
4.8712889711
4.69276827385
4.5259758895
4.36862188023
4.21716677193
4.06789410985
3.91788192668
3.76568276679
3.61160906718
3.45762562472
3.30693863931
3.16341466704
3.03095621105
2.9129185241
2.81160206844
2.72782373056
2.66057132795
2.60677641292
2.56128133031
2.51710187775
2.46607200116
2.39988902115
2.31146629747
2.19637764951
2.05408834024
1.88864880873
1.70859820694
1.5259792439
1.35457303978
1.20767138703
1.09585368268
1.02527434859
0.996867127489
1.00664870448
1.0470135946
1.10864434268
1.18250523275
1.26139764394
1.34072624004
1.4183949452
1.49402331039
1.56785387209
1.63975675726
1.70863621533
1.77236189682
1.82816124031
1.87327981646
1.90567169737
1.92451425037
1.93042115996
1.92532013682
1.91204319707
1.8937350203
1.87321453149
1.85242717172
1.83210334756
1.81169569387
1.78960878035
1.76366951029
1.73173019298
1.69226450247
1.64481759155
1.59020517277
1.53041552143
1.46824048545
1.40672873112
1.34859732683
1.29574299603
1.24896021754
1.2079112017
1.17132386158
1.13734111949
1.10392261993
1.06920878769
1.03178727041
0.990839748546
0.946180786487
0.898221127386
0.847891840076
0.796554722053
0.745904269981
0.697846216577
0.654327903221
0.617105442515
0.587461769744
0.565926386055
0.552073335856
0.544473403437
0.540844849858
0.538392624111
0.534268477645
0.526046672012
0.512106575652
0.491843709079
0.465681308268
0.434906600133
0.401392398027
0.367274980423
0.3346451472
0.30528396309
0.28045415326
0.260751748452
0.246029282382
0.235412655482
0.22743654935
0.22030831339
0.212276489283
0.202038011969
0.189085726137
0.173892697295
0.157860769287
0.143023077895
0.131564929098
0.125288223631
0.125168509796
0.13113027233
0.142100543414
0.156313473147
0.17175912009
0.186627920008
0.199613981185
0.21000033997
0.217534226062
0.222178643437
0.223869484515
0.222398998526
0.217489862825
0.20904061903
0.197443308336
0.183826046783
0.170074851113
0.158543559364
0.151456333947
0.150120246179
0.154166135754
0.161094108621
0.166389740948
0.164383987846
0.149860220831
0.120196337706
0.0776184464074
0.0309945404702
-0.00343125009199
-0.00283210195792
0.059703797691
0.211198382407
0.473978720068
0.861003865395
1.37238369426
1.99397032421
2.69846720543
3.4489184213
4.2038755527
4.92315509153
5.573002314
6.12968378296
6.58096552081
6.92546240355
7.1703185392
7.32798201321
7.41291345677
7.43892643825
7.41756573407
7.35758706036
7.26530995462
7.14544739936
7.00199864953
6.83890255226
6.66032550146
6.47062590809
6.27413800275
6.07493185918
5.87665209659
5.68245680706
5.49501525669
5.31650477756
5.14857316767
4.99227918229
4.84806009693
4.71578060889
4.59488649775
4.48463133606
4.38429042741
4.29325260466
4.21090712072
4.13631742857
4.06777061302
4.00237119274
3.93587424721
3.86290830492
3.77763452518
3.67475949077
3.55070492575
3.40467065493
3.23932361549
3.06090692874
2.87867697368
2.70372068554
2.54735023592
2.41938379504
2.32666604158
2.27213889881
2.25464472655
2.26946394325
2.30941104452
2.36619322177
2.43171028829
2.49904386932
2.56301185177
2.62029627593
2.66924351661
2.70946766408
2.74137355552
2.7656820968
2.78301237124
2.79356329832
2.79693610576
2.79213233651
2.77773895489
2.75227261942
2.71461070882
2.66440380225
2.60235800796
2.53030211596
2.45100707579
2.3677866398
2.2839604648
2.20229364806
2.12453532434
2.05116237072
1.98139330205
1.91347679063
1.84518972452
1.77441924665
1.69967354503
1.62038317771
1.53691731337
1.45032678292
1.36190728846
1.27272420787
1.18324191208
1.09315972709
1.00149176372
0.906860837934
0.807923894685
0.703816042276
0.594496735493
0.480906774527
0.364894991132
0.248936627822
0.135723043995
0.0277358318254
-0.0730842879277
-0.165501483707
-0.248967548524
-0.32346420358
-0.389278993951
-0.44679376035
-0.496346759369
-0.538199887015
-0.572612368033
-0.599998412676
-0.621128690548
-0.637320565876
-0.650550317266
-0.663419973931
-0.678932381028
-0.700074395911
-0.72927102072
-0.767832459153
-0.815546221402
-0.87054815727
-0.92953732143
-0.988298806227
-1.04240087858
-1.08787592352
-1.12170460238
-1.14199930745
-1.147896857
-1.13927408186
-1.11645119164
-1.08002904682
-1.03093099398
-0.970623322758
-0.901410607006
-0.826668586731
-0.750889940047
-0.679463436256
-0.618169633551
-0.572447431127
-0.546556735563
-0.54281737584
-0.561120851766
-0.598870337132
-0.651402912957
-0.712810478277
-0.776951241531
-0.838385975023
-0.893011756201
-0.938287474479
-0.973099089066
-0.997433991261
-1.01207406132
-1.01846411081
-1.01879404997
-1.01620054228
-1.01489817989
-1.02002523558
-1.03704514569
-1.07066856149
-1.12341891955
-1.19411398586
-1.2766356946
-1.3593794153
-1.42569349297
-1.45544147825
-1.42757036581
-1.32330392803
-1.12937432455
-0.840628075605
-0.461435131675
-0.00558059277997
0.505340966553
1.04468114124
1.5840764163
2.09674300236
2.56019433822
2.95804261176
3.28076950267
3.52554239133
3.69527872257
3.79722135736
3.84129584035
3.83849327444
3.79947371429
3.73352461457
3.64794317753
3.54784546735
3.43634593249
3.3150069388
3.18443473311
3.04489653233
2.89685001403
2.74130596933
2.57998056946
2.41523010164
2.24979620913
2.0864232406
1.92743777029
1.77439590798
1.62789821026
1.48763973852
1.3527050575
1.22204452124
1.09499883217
0.971698872614
0.853178444042
0.741106570804
0.637161901245
0.542202906802
0.45548943732
0.374241622113
0.293759188058
0.208176975029
0.111740376537
0.000307416670774
-0.127317059883
-0.268596446969
-0.41727971097
-0.564266982162
-0.699143442599
-0.812021914922
-0.895254231639
-0.944614848014
-0.959713473151
-0.943608939607
-0.901808553767
-0.840982414859
-0.767758025272
-0.687880035115
-0.605857382419
-0.52503924668
-0.44792971107
-0.376512635955
-0.312416415501
-0.256866645076
-0.210495245686
-0.173145861011
-0.143815182077
-0.1208093139
-0.102105069133
-0.085824051216
-0.0706809952384
-0.0562711137853
-0.0431107086828
-0.0324223893735
-0.0257343229447
-0.0244166544528
-0.0292915204715
-0.0404244701104
-0.0571470980477
-0.0782926321622
-0.10256638416
-0.128935438433
-0.156916298521
-0.18666830416
-0.21885781246
-0.254328206963
-0.29367422436
-0.336856025987
-0.38298359962
-0.430352304265
-0.476730095969
-0.519814456438
-0.557722510421
-0.589371139701
-0.61464687063
-0.634339897198
-0.649891687252
-0.663052077008
-0.675547071378
-0.688830146971
-0.703946507199
-0.721500264772
-0.741690505432
-0.764375909587
-0.789134564752
-0.815299970022
-0.841972461026
-0.868024104593
-0.892128002973
-0.912841838876
-0.928757284463
-0.938697753089
-0.941920195152
-0.938265908014
-0.92821702841
-0.912844044162
-0.893660658799
-0.872421358346
-0.850899151005
-0.830671964428
-0.812936580975
-0.7983664456
-0.787034164619
-0.778422891743
-0.771542359739
-0.765140984679
-0.757973045175
-0.749054970499
-0.737840950219
-0.724270008317
-0.708677790271
-0.691610810652
-0.673610331951
-0.655036160347
-0.63597972937
-0.616283408371
-0.595652764328
-0.573828941899
-0.550780695982
-0.526875227968
-0.502987663
-0.480510017088
-0.461229201966
-0.447068785194
-0.439730511607
-0.440315657424
-0.44903309117
-0.465094781382
-0.486857828983
-0.512206981427
-0.53910289121
-0.566166480796
-0.593138559421
-0.62105197041
-0.651986857522
-0.688352449402
-0.731747758467
-0.781582898492
-0.833762614052
-0.87980408476
-0.906743342422
-0.898059279753
-0.835625702834
-0.702439343202
-0.485636102252
-0.179171815194
0.21444011265
0.683762206688
1.20956164314
1.7672116078
2.32985218893
2.87164762938
3.37050778147
3.80983453579
4.17913717143
4.47364050165
4.69320796522
4.84097832044
4.92207143769
4.94259181129
4.90900269259
4.82781363424
4.70545547281
4.54821683283
4.36216628534
4.15305007938
3.92620288411
3.68651914316
3.43850729848
3.18640585765
2.9343019998
2.68617983524
2.4458463505
2.21673291584
2.00162827067
1.8024386325
1.62007291046
1.45451256936
1.30505965484
1.17068776083
1.05037637922
0.943306774611
0.848838516869
0.766256341392
0.694354838262
0.630989997896
0.572754249528
0.514919426003
0.451745098707
0.377176707987
0.285866689645
0.174353509713
0.0421497608532
-0.107547775648
-0.267777388638
-0.428492120613
-0.577946094451
-0.704534937877
-0.798692663653
-0.854412496119
-0.870052951494
-0.848283190173
-0.795247549554
-0.719213913673
-0.62906059854
-0.532937498455
-0.437334102117
-0.346646280543
-0.263202407642
-0.187620004704
-0.119329624057
-0.0571175104239
0.000415350474272
0.0545244437293
0.106122271455
0.15567909409
0.203189564418
0.248184106751
0.289783526015
0.326808066975
0.357949669107
0.38199839963
0.398088662051
0.405910419476
0.405827511956
0.398863900931
0.386553331905
0.370685403485
0.353008195878
0.33495612038
0.317460223241
0.300872817996
0.285009174294
0.269284445683
0.252907466269
0.235085156468
0.215193106818
0.192880120942
0.168094843773
0.141045508719
0.112121829825
0.0818138842501
0.0506531821695
0.0191804264367
-0.0120763156779
-0.0426393477975
-0.0721557808755
-0.100510158315
-0.127950274668
-0.155177944797
-0.183348294485
-0.213935735882
-0.248460991939
-0.288121279066
-0.333409389705
-0.383829823405
-0.437808649235
-0.492847464502
-0.54590419526
-0.59391731886
-0.634347766665
-0.665608493623
-0.687286770446
-0.700125484434
-0.70579408009
-0.706525284782
-0.704709793364
-0.702530436922
-0.701691239345
-0.703267753526
-0.70768134308
-0.714782817222
-0.724016931094
-0.734627352236
-0.745855074723
-0.757087032722
-0.767927986429
-0.778194374617
-0.787854888159
-0.796957035315
-0.805573691074
-0.813781708469
-0.82166072389
-0.829290458528
-0.836735486296
-0.844030570666
-0.851201178238
-0.858355551803
-0.865857632274
-0.874539717938
-0.885859672608
-0.901874650247
-0.924911350443
-0.956869832207
-0.998197886001
-1.04669550489
-1.09642259681
-1.1370518655
-1.15399954673
-1.12955646238
-1.04503036856
-0.883634670067
-0.633594776623
-0.29078717416
0.139746566898
0.643839668194
1.19984741072
1.78154808064
2.36163585411
2.91503186442
3.42135089341
3.86614730638
4.24092301477
4.54219497134
4.77009882157
4.92701395621
5.01656010153
5.04310545436
5.01172048634
4.9283724389
4.80011342887
4.63506479116
4.44210905929
4.23032349506
4.00828323174
3.78340114333
3.56145097901
3.34635770818
3.14026482695
2.94383043433
2.75667527848
2.57790299409
2.4066217085
2.2424034369
2.08561813019
1.93757912093
1.80044803747
1.67687822976
1.56942556357
1.47981536016
1.40820957264
1.35264963683
1.30883986721
1.27037815699
1.22944774507
1.1778812837
1.10842289271
1.01596445686
0.898527532263
0.757799968069
0.599108263015
0.43080220742
0.263135020115
0.106822153651
-0.0284674027251
-0.135412111767
-0.209893151462
-0.251257326903
-0.261968771181
-0.246764951338
-0.211537761536
-0.162206891097
-0.103828327246
-0.0400964005956
0.0267181610607
0.0954635424619
0.165583434862
0.236554309138
0.307448186684
0.376734204571
0.442356928425
0.502048065749
0.553762431621
0.59609710473
0.628562912251
0.651625569114
0.66650522075
0.674795989804
0.678018831027
0.677236444746
0.672835858557
0.664532270549
0.651583782252
0.633148970392
0.60868200448
0.578250573542
0.542681996238
0.503490160921
0.462601291055
0.421961067294
0.383145040332
0.347090954679
0.314025237897
0.283584614327
0.255066636871
0.227707356659
0.200892871908
0.174255032831
0.147655909722
0.121106333598
0.094677451456
0.0684502913945
0.042516550539
0.0170105728617
-0.00786568229339
-0.0318578419248
-0.0547239990324
-0.0763302029334
-0.0967390000718
-0.11625421172
-0.135403907479
-0.154869185169
-0.175384916954
-0.197642403594
-0.222214662576
-0.249509860207
-0.279744278759
-0.312918369549
-0.34878032117
-0.386770198312
-0.425951294791
-0.464952071147
-0.501960283542
-0.534824785342
-0.561318167645
-0.579582363014
-0.58871551234
-0.589373576827
-0.584183362265
-0.577733679971
-0.575961550974
-0.584891281841
-0.608894007938
-0.648860115466
-0.700840748318
-0.755737657629
-0.800447397742
-0.820495022526
-0.803696051688
-0.743906438249
-0.643644196262
-0.514467413356
-0.374559176727
-0.243924925526
-0.138669364183
-0.0665261737259
-0.0256538270571
-0.00738262637626
-0.00139439302041
-0.00012829785221
